<?xml version="1.0"?>
<opencv_storage>
<calibration_time>"Mon 09 Jan 2017 02:39:42 PM CST"</calibration_time>
<nr_of_frames>11</nr_of_frames>
<image_width>1280</image_width>
<image_height>720</image_height>
<board_width>6</board_width>
<board_height>9</board_height>
<square_size>1.</square_size>
<fix_aspect_ratio>1.</fix_aspect_ratio>
<!-- flags: +fix_aspectRatio +fix_principal_point +zero_tangent_dist +fix_k4 +fix_k5 -->
<flags>6158</flags>
<fisheye_model>0</fisheye_model>
<camera_matrix type_id="opencv-matrix">
  <rows>3</rows>
  <cols>3</cols>
  <dt>d</dt>
  <data>
    2.3507672942785348e+03 0. 6.3950000000000000e+02 0.
    2.3507672942785348e+03 3.5950000000000000e+02 0. 0. 1.</data></camera_matrix>
<distortion_coefficients type_id="opencv-matrix">
  <rows>5</rows>
  <cols>1</cols>
  <dt>d</dt>
  <data>
    5.9458733969592070e-01 -2.1471506778569211e+01 0. 0.
    1.6000315512158522e+02</data></distortion_coefficients>
<avg_reprojection_error>3.5583650597444905e-01</avg_reprojection_error>
<per_view_reprojection_errors type_id="opencv-matrix">
  <rows>11</rows>
  <cols>1</cols>
  <dt>f</dt>
  <data>
    6.33238912e-01 2.74360627e-01 5.77974975e-01 2.87669003e-01
    2.94170171e-01 3.09602857e-01 1.45071432e-01 2.93242991e-01
    2.89975286e-01 2.02669173e-01 2.91812211e-01</data></per_view_reprojection_errors>
<!-- a set of 6-tuples (rotation vector + translation vector) for each view -->
<extrinsic_parameters type_id="opencv-matrix">
  <rows>11</rows>
  <cols>6</cols>
  <dt>d</dt>
  <data>
    1.3293692173645397e-01 -8.3066578573609537e-02
    -3.1336047696063631e+00 1.0128730291543322e+00
    4.3186614179614189e+00 4.4106308546612667e+01
    -7.4955796883443851e-02 -3.0499147255782802e-02
    -3.1348416654391418e+00 -5.5915416031409695e+00
    4.2831753623138038e+00 4.5935149932257879e+01
    -1.2962697243571475e-01 1.8268416299843213e-01
    3.1090826122636850e+00 9.3159019167248225e+00 4.6756877161020087e+00
    4.6479968638578740e+01 9.0060702210798496e-02 1.4745697262693569e-01
    3.1338665225390554e+00 2.8218259614619390e+00 5.1022212758204795e+00
    9.0320845696515775e+01 -1.8739730065505933e-01
    2.0188702437019534e-01 3.1011270658846879e+00 2.0158124430724694e+01
    5.9204410700900976e+00 8.4066198075064463e+01
    -7.9058694554535555e-02 -3.4979804496176747e-01
    -3.1035186571188724e+00 -1.5790851395632728e+01
    4.5700972268426447e+00 8.6096600358652026e+01 4.1497321143922210e-04
    -1.2365819401986200e-01 -3.1345642682844597e+00
    1.1810859365174364e+00 -4.5113682622650169e+00
    9.5644877942148867e+01 1.5843043010698854e-01
    -1.2035105025251795e-01 -3.1307532237469413e+00
    1.7812021589680157e+01 -1.3103472419295057e+00
    7.9142061904396698e+01 4.7350773377442985e-02 2.9718421383503046e-01
    3.1186618987509291e+00 2.2218395171166616e+01 1.0341922713165856e+01
    9.2238244017245833e+01 -2.9367949112958569e-01
    -2.8424406758161519e-02 -3.1185361881343701e+00
    -1.9616126185570543e+01 -3.7237410226653958e+00
    9.7186065986291808e+01 1.8227825627752914e-01 1.9034825890809421e-02
    -3.1155183248097096e+00 -1.7805929782380161e+01
    1.1505653461251347e+01 8.9987387772706981e+01</data></extrinsic_parameters>
<image_points type_id="opencv-matrix">
  <rows>11</rows>
  <cols>54</cols>
  <dt>"2f"</dt>
  <data>
    6.92523010e+02 5.89169922e+02 6.40340942e+02 5.90557251e+02
    5.86712524e+02 5.91027161e+02 5.32535828e+02 5.91528687e+02
    4.78385834e+02 5.92106934e+02 4.24205872e+02 5.92286682e+02
    6.92960815e+02 5.35734680e+02 6.40520508e+02 5.36542419e+02
    5.87254517e+02 5.36808960e+02 5.33128601e+02 5.37188477e+02
    4.79011597e+02 5.37632324e+02 4.24707642e+02 5.38033936e+02
    6.93335205e+02 4.82336914e+02 6.40810547e+02 4.82670776e+02
    5.87517456e+02 4.82912781e+02 5.33730530e+02 4.83145020e+02
    4.79630432e+02 4.83475677e+02 4.25397064e+02 4.83705658e+02
    6.93458984e+02 4.28809418e+02 6.40979004e+02 4.29066193e+02
    5.87747498e+02 4.29137482e+02 5.34070862e+02 4.29127777e+02
    4.80109985e+02 4.29272888e+02 4.25933929e+02 4.29432831e+02
    6.93397278e+02 3.75976685e+02 6.41066772e+02 3.75761780e+02
    5.88024170e+02 3.75632446e+02 5.34384399e+02 3.75641968e+02
    4.80628387e+02 3.75605408e+02 4.26399292e+02 3.75546387e+02
    6.93547424e+02 3.23179108e+02 6.41170471e+02 3.22893433e+02
    5.88245361e+02 3.22594055e+02 5.34650024e+02 3.22459198e+02
    4.81070099e+02 3.22201263e+02 4.26986725e+02 3.21994690e+02
    6.93632751e+02 2.70304321e+02 6.41257568e+02 2.69876434e+02
    5.88417969e+02 2.69522461e+02 5.34949280e+02 2.69145111e+02
    4.81363281e+02 2.68595032e+02 4.27265625e+02 2.68137543e+02
    6.93768250e+02 2.17705383e+02 6.41389648e+02 2.17387253e+02
    5.88456726e+02 2.17012848e+02 5.35167664e+02 2.16244019e+02
    4.81661438e+02 2.15617523e+02 4.27806610e+02 2.14783813e+02
    6.93777588e+02 1.65354004e+02 6.41400818e+02 1.65014709e+02
    5.88652832e+02 1.64205399e+02 5.35285583e+02 1.63434982e+02
    4.81988037e+02 1.62604980e+02 4.28143616e+02 1.61676849e+02
    3.52663788e+02 5.78702942e+02 3.01375946e+02 5.78984314e+02
    2.51521759e+02 5.77989258e+02 2.01976913e+02 5.76680298e+02
    1.53102554e+02 5.75684204e+02 1.04460732e+02 5.74612915e+02
    3.52739838e+02 5.28002747e+02 3.01361603e+02 5.28098022e+02
    2.51572510e+02 5.27160461e+02 2.01947540e+02 5.26125549e+02
    1.52999542e+02 5.25238037e+02 1.04417328e+02 5.24309143e+02
    3.53021973e+02 4.76840271e+02 3.01643097e+02 4.76671234e+02
    2.51643814e+02 4.76071564e+02 2.02406616e+02 4.75275238e+02
    1.53200790e+02 4.74495636e+02 1.04850403e+02 4.73954010e+02
    3.53245605e+02 4.25429230e+02 3.02018097e+02 4.25178253e+02
    2.51971558e+02 4.24640564e+02 2.02491043e+02 4.24071442e+02
    1.53556335e+02 4.23588959e+02 1.04886360e+02 4.23093872e+02
    3.53791504e+02 3.74139496e+02 3.02523010e+02 3.73783966e+02
    2.52390320e+02 3.73514160e+02 2.02680008e+02 3.73239838e+02
    1.53857590e+02 3.72882355e+02 1.05158470e+02 3.72556122e+02
    3.54178833e+02 3.22769684e+02 3.03078827e+02 3.22594727e+02
    2.52855606e+02 3.22381104e+02 2.03100571e+02 3.22298065e+02
    1.54351425e+02 3.22215454e+02 1.05791199e+02 3.22057098e+02
    3.54550018e+02 2.71354431e+02 3.03710663e+02 2.71214722e+02
    2.53588943e+02 2.71188202e+02 2.03920654e+02 2.71204407e+02
    1.54898315e+02 2.71271606e+02 1.06431564e+02 2.71354126e+02
    3.54938568e+02 2.20125717e+02 3.04508575e+02 2.20261765e+02
    2.54512360e+02 2.20355942e+02 2.04710480e+02 2.20450043e+02
    1.56013092e+02 2.20791000e+02 1.07059158e+02 2.20873444e+02
    3.55426636e+02 1.69127014e+02 3.05325012e+02 1.69421356e+02
    2.55307266e+02 1.69638229e+02 2.05699463e+02 1.69994522e+02
    1.56902161e+02 1.70499435e+02 1.08085327e+02 1.70662933e+02
    1.10743970e+03 5.95415222e+02 1.06117859e+03 5.97957886e+02
    1.01192969e+03 5.99776123e+02 9.61929321e+02 6.01589783e+02
    9.11888977e+02 6.03218811e+02 8.61175293e+02 6.04386353e+02
    1.10601086e+03 5.44953003e+02 1.05943298e+03 5.47229675e+02
    1.01013983e+03 5.48726501e+02 9.59947327e+02 5.50178772e+02
    9.09859497e+02 5.51744873e+02 8.59416565e+02 5.52965515e+02
    1.10424902e+03 4.94573456e+02 1.05746094e+03 4.96340027e+02
    1.00791577e+03 4.97903503e+02 9.57781189e+02 4.99206940e+02
    9.07937683e+02 5.00428955e+02 8.57453613e+02 5.01710205e+02
    1.10218469e+03 4.44176575e+02 1.05509973e+03 4.45616425e+02
    1.00576843e+03 4.46955505e+02 9.55708374e+02 4.48166962e+02
    9.05647583e+02 4.49360809e+02 8.55517578e+02 4.50389648e+02
    1.09992273e+03 3.94264374e+02 1.05249731e+03 3.95383148e+02
    1.00347595e+03 3.96441864e+02 9.53494141e+02 3.97832916e+02
    9.03650818e+02 3.98875153e+02 8.53633240e+02 3.99943970e+02
    1.09754797e+03 3.44456604e+02 1.04992761e+03 3.45637177e+02
    1.00102625e+03 3.46522736e+02 9.51355835e+02 3.47848602e+02
    9.01624878e+02 3.48652466e+02 8.51762146e+02 3.49884247e+02
    1.09492834e+03 2.95003906e+02 1.04722522e+03 2.95836121e+02
